1 1 1
2 1 1
3 1 1
4 1 1
5 1 1
6 1 1
7 1 1
8 1 1
9 1 1
10 1 1
11 1 1
12 1 1
13 1 1
14 1 1
15 1 1
16 1 1
17 1 1
18 1 1
19 1 1
20 1 1
21 1 1
22 1 1
23 1 1
24 1 1
25 1 1
26 1 1
27 1 1
28 1 1
29 1 1
30 1 1
31 1 1
32 1 1
33 1 1
34 1 1
35 1 1
36 1 1
37 1 1
38 1 1
39 1 1
40 1 1
41 1 1
42 1 1
43 1 1
44 1 1
45 1 1
46 1 1
47 1 1
48 1 1
49 1 1
50 1 1
51 2 2
52 2 2
53 2 2
54 3 3
55 2 2
56 3 3
57 2 2
58 3 3
59 2 2
60 3 3
61 3 3
62 3 3
63 3 3
64 2 2
65 3 3
66 2 2
67 3 3
68 3 3
69 2 2
70 3 3
71 4 4
72 3 3
73 4 4
74 2 2
75 2 2
76 2 2
77 2 2
78 4 4
79 2 2
80 3 3
81 3 3
82 3 3
83 3 3
84 4 4
85 3 3
86 2 2
87 2 2
88 2 2
89 3 3
90 3 3
91 3 3
92 2 2
93 3 3
94 3 3
95 3 3
96 3 3
97 3 3
98 2 2
99 3 3
100 3 3
101 4 4
102 4 4
103 4 4
104 4 4
105 4 4
106 4 4
107 3 3
108 4 4
109 4 4
110 4 4
111 4 4
112 4 4
113 4 4
114 4 4
115 4 4
116 4 4
117 4 4
118 4 4
119 4 4
120 4 4
121 4 4
122 4 4
123 4 4
124 4 4
125 4 4
126 4 4
127 4 4
128 4 4
129 4 4
130 4 4
131 4 4
132 4 4
133 4 4
134 4 4
135 4 4
136 4 4
137 4 4
138 4 4
139 4 4
140 4 4
141 4 4
142 4 4
143 4 4
144 4 4
145 4 4
146 4 4
147 4 4
148 4 4
149 4 4
150 4 4
