 13.66   0.12
 13.31   0.04
  3.73   0.13
  5.79   0.16
  9.90   0.17
  2.25   0.24
  3.33   0.11
 14.13   4.89
  3.79   0.07
 11.99   0.11
  5.92   0.12
  7.08   0.14
  8.11   0.10
  0.82   0.36
  1.16   0.11
  2.94   0.23
  4.36   0.19
 12.03   0.11
  0.60   0.23
 11.08   0.11
  1.23   0.25
  6.32   0.17
  0.78   0.12
  1.61   0.13
  0.41   0.35
  5.40   0.11
  3.63   0.16
 10.44   0.06
  9.99   0.08
  6.93   0.01
 10.00   0.12
  1.34   0.19
  6.97   0.15
 12.64   0.07
 11.99   0.00
  3.47   0.19
  2.13   0.26
 11.99   0.00
  2.36   0.17
 12.52   0.11
  7.84   0.15
  7.37   0.07
  1.45   0.11
  1.11   0.24
  0.52   0.29
 11.67   0.08
  9.29   0.03
  4.51   0.17
 10.03   0.01
 13.56   0.01
  1.21   0.12
  1.45   0.26
  0.82   0.21
  3.87   0.13
  1.80   0.16
  0.64   0.24
  0.85   0.27
  0.63   0.17
  1.54   0.23
  0.08   0.42
  0.06   0.38
  0.34   0.36
  0.19   0.32
  1.58   0.17
  0.40   0.30
  2.63   0.06
  0.81   0.42
  1.29   0.26
  2.18   0.19
  1.51   0.23
  0.63   0.23
  0.36   0.34
  1.66   0.17
  0.85   0.22
  0.66   0.30
  2.71   1.26
  1.40   0.31
  0.68   0.24
  1.45   0.15
  0.40   0.24
  1.16   0.18
  0.84   0.23
  2.43   0.17
  1.42   0.23
  0.59   0.24
  0.61   0.23
  1.52   0.19
  2.03   0.11
  2.55   0.16
  3.48   0.11
  1.32   0.22
  1.96   0.52
  2.72   0.17
  0.66   0.94
  3.71   0.12
  3.33   0.16
  3.64   0.01
  0.49   0.24
  0.16   0.34
  4.36   4.89
  0.03   0.46
  2.59   1.13
  0.15   0.39
  1.36   0.13
  0.99   0.20
  0.52   1.60
  0.18   0.29
  0.26   0.26
  0.27   0.42
  0.00   0.60
  1.11   0.21
  1.45   0.24
  1.37   0.29
  1.93   0.14
  0.02   0.45
  0.30   0.39
  1.49   0.17
  0.26   0.26
  0.00   0.65
  1.82   0.35
  0.97   0.23
  0.49   0.29
  0.26   0.26
  0.78   0.27
  1.76   0.17
  0.14   0.35
  1.16   0.20
  2.04   0.26
  1.48   0.13
  0.20   0.29
  0.26   0.90
  0.06   0.40
  1.80   1.43
  1.28   0.16
  0.01   0.51
  0.01   0.48
  0.15   0.38
  1.50   0.71
  1.26   0.22
  1.10   0.12
  1.10   0.40
  0.64   0.17
  2.59   0.00
  0.55   0.24
  0.91   0.19
  0.77   0.33
  1.07   0.19
  1.37   0.13
  0.19   0.31
  2.07   0.16
